0000000000000000000000000000000000000000000000000000000000000000
0000000000000000000000000000000000000000000000000000000000000000
0000000000000000000000000000000000000000000000000000000000000000
0000000000000000000000000000000000000000000000000000000000000000
0000000001010101110101010101010000010101010101011101010100000000
0000000000000000000000000000000000000000000000000000000000000000
0000000001000000100000000000001000100000000000001000000100000000
0000000000000000000000000000000000000000000000000000000000000000
0000000001010101110101010101010101010101010101011101010100000000
0000000000000000000000000000000000000000000000000000000000000000
0000000001000000100000000000000000000000000000001000000100000000
0000000001010101000001010101010000010101010100000101010100000000
0000000000000000100000000000000000000000000000001000000000000000
0000000000000000000000000000000000000000000000000000000000000000
0000000000000000100001010101010101010101010100001000000000000000
0000000000000000000000000000000000000000000000000000000000000000
0000000000000000100010000000000000000000000010001000000000000000
0000000000000000000000000000000000000000000000000000000000000000
0101010101010101110100000000000000000000000001011101010101010101
0000000000000000000000000000000000000000000000000000000000000000
0000000000000000100010000000000000000000000010001000000000000000
0000000000000000000000000000000000000000000000000000000000000000
0000000000000000100001010101010101010101010100001000000000000000
0000000000000000000000000000000000000000000000000000000000000000
0000000000000000100000000000000000000000000000001000000000000000
0000000001010101010101010101010000010101010101010101010100000000
0000000001000000100000000000001000100000000000001000000100000000
0000000001000000000000000000000000000000000000000000000100000000
0000000001010100110101010101010101010101010101011001010100000000
0000000000000100000000000000000000000000000000000000000000000000
0000000000000100100000000000000000000000000000001001000000000000
0000000001010101100001010101010000010101010100001101010100000000
0000000001000000000000000000001000100000000000000000000100000000
0000000001000000000000000000000000000000000000000000000100000000
0000000001010101010101010101010101010101010101010101010100000000
0000000000000000000000000000000000000000000000000000000000000000
0000000000000000000000000000000000000000000000000000000000000000
0000000000000000000000000000000000000000000000000000000000000000
0000000000000000000000000000000000000000000000000000000000000000
0000000000000000000000000000000000000000000000000000000000000000
0000000000000000000000000000000000000000000000000000000000000000
0000000000000000000000000000000000000000000000000000000000000000
0000000000000000000000000000000000000000000000000000000000000000
0000000000000000000000000000000000000000000000000000000000000000
0000000000000000000000000000000000000000000000000000000000000000
0000000000000000000000000000000000000000000000000000000000000000
0000000000000000000000000000000000000000000000000000000000000000
0000000000000000000000000000000000000000000000000000000000000000
